0.134	0.041	0.063	0.762
0.033	0.032	0.475	0.461
0.038	0.202	0.083	0.677
0.087	0.044	0.059	0.810
0.065	0.052	0.791	0.092
0.063	0.128	0.046	0.763
0.050	0.042	0.047	0.861
0.061	0.043	0.824	0.072
0.008	0.052	0.081	0.859
0.074	0.224	0.029	0.673
0.067	0.085	0.757	0.091
0.057	0.265	0.036	0.642