0.102	0.730	0.079	0.089
0.735	0.081	0.097	0.087
0.089	0.748	0.084	0.079
0.750	0.075	0.090	0.085
0.085	0.762	0.076	0.077
0.752	0.076	0.092	0.080
0.089	0.772	0.070	0.069
0.756	0.076	0.087	0.081
0.083	0.753	0.080	0.084
0.755	0.069	0.090	0.086
0.091	0.741	0.085	0.083
0.744	0.075	0.093	0.088